[
[49.818804132, 24.0591888517],
[49.8187043873, 24.0590629556],
[49.8185736296, 24.0589699164],
[49.8184644972, 24.0588336267],
[49.8183285428, 24.0586670783],
[49.818297865, 24.0585869473],
[49.818281185, 24.0584989373],
[49.8181500921, 24.0578951888],
[49.8181312328, 24.0578047481],
[49.8181159777, 24.0577314902],
[49.8180384451, 24.0573603396],
[49.8179219366, 24.0568027754],
[49.8179098667, 24.0568083912],
[49.817576267, 24.0552648638],
[49.8173593433, 24.0542650704],
[49.8171894421, 24.0535034906],
[49.8172112351, 24.0534922589],
[49.8166818341, 24.050984142],
[49.8166553473, 24.0508585811],
[49.8165663314, 24.0504251529],
[49.8162846995, 24.0490427256],
[49.8167859373, 24.0487051863],
[49.816813849, 24.0486863271],
[49.8165993561, 24.0477569416],
[49.8164273595, 24.0468552165],
[49.8164083326, 24.0467558909],
[49.8163811752, 24.0466425676],
[49.8163482343, 24.0465799548],
[49.8163244297, 24.0465520431],
[49.8162525968, 24.0465268973],
[49.8166190536, 24.0463601813],
[49.8171581776, 24.0463511288],
[49.8175159173, 24.0467568968],
[49.8177456652, 24.0467386242],
[49.8180034926, 24.0466102973],
[49.8181009741, 24.0463137456],
[49.8184382619, 24.0461098977],
[49.8191599437, 24.0448611617],
[49.8192493787, 24.0447034981],
[49.8201758304, 24.0432568655],
[49.8205536866, 24.0426669471],
[49.8205408623, 24.0414893735],
[49.8206001223, 24.0412769761],
[49.821083842, 24.0408431288],
[49.8212379852, 24.0404468324],
[49.821426578, 24.040028324],
[49.8216274922, 24.0397052855],
[49.82176747, 24.039542928],
[49.8219298275, 24.0394427642],
[49.8220551369, 24.039221482],
[49.8220670392, 24.0391739566],
[49.8223471624, 24.0389772333],
[49.8234344629, 24.0383209303],
[49.823529849, 24.0382921804],
[49.8243192566, 24.0378391385],
[49.8243905866, 24.0377910264],
[49.824792918, 24.0375484541],
[49.8253332993, 24.0372527406],
[49.825315362, 24.0371837575],
[49.8253684194, 24.0371507328],
[49.8258638737, 24.0368384231],
[49.8269042355, 24.0356206164],
[49.8282084597, 24.0344038993],
[49.8283229565, 24.0342594791],
[49.8284508643, 24.033995533],
[49.8283053545, 24.0336272322],
[49.8284040933, 24.033568475],
[49.828473244, 24.0334779505],
[49.8292085884, 24.0322129537],
[49.829299532, 24.0320602354],
[49.8294524179, 24.0318113767],
[49.8295523302, 24.0316654477],
[49.8300542386, 24.0307800673],
[49.8299519794, 24.0302674301],
[49.8304317595, 24.0288258266],
[49.8311667686, 24.0266173627],
[49.8322104832, 24.0279720459],
[49.833365258, 24.0293613464],
[49.8339169548, 24.0299104449],
[49.834397657, 24.0291982345],
[49.8347682209, 24.0286665704],
[49.8348943686, 24.0286039576],
[49.835004842, 24.0286404189],
[49.8352652678, 24.0289968174],
[49.8355427926, 24.0292278227],
[49.8359232472, 24.0286043767],
[49.836154923, 24.0272129808],
[49.8361306993, 24.0269900222],
[49.8361506482, 24.026949789],
[49.8369243817, 24.0253924314],
[49.8372695485, 24.0247065403],
[49.8373200913, 24.0246061251],
[49.8373357655, 24.0245852541],
[49.8381777277, 24.0234668568],
[49.8384385725, 24.023916965],
[49.8392138985, 24.0252548844],
[49.8395861389, 24.0246287562],
[49.8400381749, 24.0238461379],
[49.8400694394, 24.0237877999],
[49.8401025479, 24.0237283722],
[49.8402782326, 24.0234046631],
[49.8407670652, 24.0230727397],
[49.8416387831, 24.0228258927],
[49.841549935, 24.0226514653],
[49.8413962947, 24.0223495491],
]
[
[49.818804132, 24.0591888517]
[49.8187043873, 24.0590629556]
[49.8185736296, 24.0589699164]
[49.8184644972, 24.0588336267]
[49.8183285428, 24.0586670783]
[49.818297865, 24.0585869473]
[49.818281185, 24.0584989373]
[49.8181500921, 24.0578951888]
[49.8181312328, 24.0578047481]
[49.8181159777, 24.0577314902]
[49.8180384451, 24.0573603396]
[49.8179219366, 24.0568027754]
[49.8179098667, 24.0568083912]
[49.817576267, 24.0552648638]
[49.8173593433, 24.0542650704]
[49.8171894421, 24.0535034906]
[49.8172112351, 24.0534922589]
[49.8166818341, 24.050984142]
[49.8166553473, 24.0508585811]
[49.8165663314, 24.0504251529]
[49.8162846995, 24.0490427256]
[49.8167859373, 24.0487051863]
[49.816813849, 24.0486863271]
[49.8165993561, 24.0477569416]
[49.8164273595, 24.0468552165]
[49.8164083326, 24.0467558909]
[49.8163811752, 24.0466425676]
[49.8163482343, 24.0465799548]
[49.8163244297, 24.0465520431]
[49.8162525968, 24.0465268973]
[49.8166190536, 24.0463601813]
[49.8171581776, 24.0463511288]
[49.8175159173, 24.0467568968]
[49.8177456652, 24.0467386242]
[49.8180034926, 24.0466102973]
[49.8181009741, 24.0463137456]
[49.8184382619, 24.0461098977]
[49.8191599437, 24.0448611617]
[49.8192493787, 24.0447034981]
[49.8201758304, 24.0432568655]
[49.8205536866, 24.0426669471]
[49.8205408623, 24.0414893735]
[49.8206001223, 24.0412769761]
[49.821083842, 24.0408431288]
[49.8212379852, 24.0404468324]
[49.821426578, 24.040028324]
[49.8216274922, 24.0397052855]
[49.82176747, 24.039542928]
[49.8219298275, 24.0394427642]
[49.8220551369, 24.039221482]
[49.8220670392, 24.0391739566]
[49.8223471624, 24.0389772333]
[49.8234344629, 24.0383209303]
[49.823529849, 24.0382921804]
[49.8243192566, 24.0378391385]
[49.8243905866, 24.0377910264]
[49.824792918, 24.0375484541]
[49.8253332993, 24.0372527406]
[49.825315362, 24.0371837575]
[49.8253684194, 24.0371507328]
[49.8258638737, 24.0368384231]
[49.8269042355, 24.0356206164]
[49.8282084597, 24.0344038993]
[49.8283229565, 24.0342594791]
[49.8284508643, 24.033995533]
[49.8283053545, 24.0336272322]
[49.8284040933, 24.033568475]
[49.828473244, 24.0334779505]
[49.8292085884, 24.0322129537]
[49.829299532, 24.0320602354]
[49.8294524179, 24.0318113767]
[49.8295523302, 24.0316654477]
[49.8300542386, 24.0307800673]
[49.8299519794, 24.0302674301]
[49.8304317595, 24.0288258266]
[49.8311667686, 24.0266173627]
[49.8322104832, 24.0279720459]
[49.833365258, 24.0293613464]
[49.8339169548, 24.0299104449]
[49.834397657, 24.0291982345]
[49.8347682209, 24.0286665704]
[49.8348943686, 24.0286039576]
[49.835004842, 24.0286404189]
[49.8352652678, 24.0289968174]
[49.8355427926, 24.0292278227]
[49.8359232472, 24.0286043767]
[49.836154923, 24.0272129808]
[49.8361306993, 24.0269900222]
[49.8361506482, 24.026949789]
[49.8369243817, 24.0253924314]
[49.8372695485, 24.0247065403]
[49.8373200913, 24.0246061251]
[49.8373357655, 24.0245852541]
[49.8381777277, 24.0234668568]
[49.8384385725, 24.023916965]
[49.8392138985, 24.0252548844]
[49.8395861389, 24.0246287562]
[49.8400381749, 24.0238461379]
[49.8400694394, 24.0237877999]
[49.8401025479, 24.0237283722]
[49.8402782326, 24.0234046631]
[49.8407670652, 24.0230727397]
[49.8416387831, 24.0228258927]
[49.841549935, 24.0226514653]
[49.8413962947, 24.0223495491]
]
